1024
000 000
000 100
000 200
000 300
000 400
000 500
000 600
000 700
100 000
100 100
100 200
100 300
100 400
100 500
100 600
100 700
200 000
200 100
200 200
200 300
200 400
200 500
200 600
200 700
300 000
300 100
300 200
300 300
300 400
300 500
300 600
300 700
400 000
400 100
400 200
400 300
400 400
400 500
400 600
400 700
500 000
500 100
500 200
500 300
500 400
500 500
500 600
500 700
600 000
600 100
600 200
600 300
600 400
600 500
600 600
600 700
700 000
700 100
700 200
700 300
700 400
700 500
700 600
700 700
800 000
800 100
800 200
800 300
800 400
800 500
800 600
800 700
900 000
900 100
900 200
900 300
900 400
900 500
900 600
900 700
1000 000
1000 100
1000 200
1000 300
1000 400
1000 500
1000 600
1000 700
1100 000
1100 100
1100 200
1100 300
1100 400
1100 500
1100 600
1100 700
1200 000
1200 100
1200 200
1200 300
1200 400
1200 500
1200 600
1200 700
1300 000
1300 100
1300 200
1300 300
1300 400
1300 500
1300 600
1300 700
1400 000
1400 100
1400 200
1400 300
1400 400
1400 500
1400 600
1400 700
1500 000
1500 100
1500 200
1500 300
1500 400
1500 500
1500 600
1500 700
1600 000
1600 100
1600 200
1600 300
1600 400
1600 500
1600 600
1600 700
1700 000
1700 100
1700 200
1700 300
1700 400
1700 500
1700 600
1700 700
1800 000
1800 100
1800 200
1800 300
1800 400
1800 500
1800 600
1800 700
1900 000
1900 100
1900 200
1900 300
1900 400
1900 500
1900 600
1900 700
2000 000
2000 100
2000 200
2000 300
2000 400
2000 500
2000 600
2000 700
2100 000
2100 100
2100 200
2100 300
2100 400
2100 500
2100 600
2100 700
2200 000
2200 100
2200 200
2200 300
2200 400
2200 500
2200 600
2200 700
2300 000
2300 100
2300 200
2300 300
2300 400
2300 500
2300 600
2300 700
2400 000
2400 100
2400 200
2400 300
2400 400
2400 500
2400 600
2400 700
2500 000
2500 100
2500 200
2500 300
2500 400
2500 500
2500 600
2500 700
2600 000
2600 100
2600 200
2600 300
2600 400
2600 500
2600 600
2600 700
2700 000
2700 100
2700 200
2700 300
2700 400
2700 500
2700 600
2700 700
2800 000
2800 100
2800 200
2800 300
2800 400
2800 500
2800 600
2800 700
2900 000
2900 100
2900 200
2900 300
2900 400
2900 500
2900 600
2900 700
3000 000
3000 100
3000 200
3000 300
3000 400
3000 500
3000 600
3000 700
3100 000
3100 100
3100 200
3100 300
3100 400
3100 500
3100 600
3100 700
3200 000
3200 100
3200 200
3200 300
3200 400
3200 500
3200 600
3200 700
3300 000
3300 100
3300 200
3300 300
3300 400
3300 500
3300 600
3300 700
3400 000
3400 100
3400 200
3400 300
3400 400
3400 500
3400 600
3400 700
3500 000
3500 100
3500 200
3500 300
3500 400
3500 500
3500 600
3500 700
3600 000
3600 100
3600 200
3600 300
3600 400
3600 500
3600 600
3600 700
3700 000
3700 100
3700 200
3700 300
3700 400
3700 500
3700 600
3700 700
3800 000
3800 100
3800 200
3800 300
3800 400
3800 500
3800 600
3800 700
3900 000
3900 100
3900 200
3900 300
3900 400
3900 500
3900 600
3900 700
4000 000
4000 100
4000 200
4000 300
4000 400
4000 500
4000 600
4000 700
4100 000
4100 100
4100 200
4100 300
4100 400
4100 500
4100 600
4100 700
4200 000
4200 100
4200 200
4200 300
4200 400
4200 500
4200 600
4200 700
4300 000
4300 100
4300 200
4300 300
4300 400
4300 500
4300 600
4300 700
4400 000
4400 100
4400 200
4400 300
4400 400
4400 500
4400 600
4400 700
4500 000
4500 100
4500 200
4500 300
4500 400
4500 500
4500 600
4500 700
4600 000
4600 100
4600 200
4600 300
4600 400
4600 500
4600 600
4600 700
4700 000
4700 100
4700 200
4700 300
4700 400
4700 500
4700 600
4700 700
4800 000
4800 100
4800 200
4800 300
4800 400
4800 500
4800 600
4800 700
4900 000
4900 100
4900 200
4900 300
4900 400
4900 500
4900 600
4900 700
5000 000
5000 100
5000 200
5000 300
5000 400
5000 500
5000 600
5000 700
5100 000
5100 100
5100 200
5100 300
5100 400
5100 500
5100 600
5100 700
5200 000
5200 100
5200 200
5200 300
5200 400
5200 500
5200 600
5200 700
5300 000
5300 100
5300 200
5300 300
5300 400
5300 500
5300 600
5300 700
5400 000
5400 100
5400 200
5400 300
5400 400
5400 500
5400 600
5400 700
5500 000
5500 100
5500 200
5500 300
5500 400
5500 500
5500 600
5500 700
5600 000
5600 100
5600 200
5600 300
5600 400
5600 500
5600 600
5600 700
5700 000
5700 100
5700 200
5700 300
5700 400
5700 500
5700 600
5700 700
5800 000
5800 100
5800 200
5800 300
5800 400
5800 500
5800 600
5800 700
5900 000
5900 100
5900 200
5900 300
5900 400
5900 500
5900 600
5900 700
6000 000
6000 100
6000 200
6000 300
6000 400
6000 500
6000 600
6000 700
6100 000
6100 100
6100 200
6100 300
6100 400
6100 500
6100 600
6100 700
6200 000
6200 100
6200 200
6200 300
6200 400
6200 500
6200 600
6200 700
6300 000
6300 100
6300 200
6300 300
6300 400
6300 500
6300 600
6300 700
6400 000
6400 100
6400 200
6400 300
6400 400
6400 500
6400 600
6400 700
6500 000
6500 100
6500 200
6500 300
6500 400
6500 500
6500 600
6500 700
6600 000
6600 100
6600 200
6600 300
6600 400
6600 500
6600 600
6600 700
6700 000
6700 100
6700 200
6700 300
6700 400
6700 500
6700 600
6700 700
6800 000
6800 100
6800 200
6800 300
6800 400
6800 500
6800 600
6800 700
6900 000
6900 100
6900 200
6900 300
6900 400
6900 500
6900 600
6900 700
7000 000
7000 100
7000 200
7000 300
7000 400
7000 500
7000 600
7000 700
7100 000
7100 100
7100 200
7100 300
7100 400
7100 500
7100 600
7100 700
7200 000
7200 100
7200 200
7200 300
7200 400
7200 500
7200 600
7200 700
7300 000
7300 100
7300 200
7300 300
7300 400
7300 500
7300 600
7300 700
7400 000
7400 100
7400 200
7400 300
7400 400
7400 500
7400 600
7400 700
7500 000
7500 100
7500 200
7500 300
7500 400
7500 500
7500 600
7500 700
7600 000
7600 100
7600 200
7600 300
7600 400
7600 500
7600 600
7600 700
7700 000
7700 100
7700 200
7700 300
7700 400
7700 500
7700 600
7700 700
7800 000
7800 100
7800 200
7800 300
7800 400
7800 500
7800 600
7800 700
7900 000
7900 100
7900 200
7900 300
7900 400
7900 500
7900 600
7900 700
8000 000
8000 100
8000 200
8000 300
8000 400
8000 500
8000 600
8000 700
8100 000
8100 100
8100 200
8100 300
8100 400
8100 500
8100 600
8100 700
8200 000
8200 100
8200 200
8200 300
8200 400
8200 500
8200 600
8200 700
8300 000
8300 100
8300 200
8300 300
8300 400
8300 500
8300 600
8300 700
8400 000
8400 100
8400 200
8400 300
8400 400
8400 500
8400 600
8400 700
8500 000
8500 100
8500 200
8500 300
8500 400
8500 500
8500 600
8500 700
8600 000
8600 100
8600 200
8600 300
8600 400
8600 500
8600 600
8600 700
8700 000
8700 100
8700 200
8700 300
8700 400
8700 500
8700 600
8700 700
8800 000
8800 100
8800 200
8800 300
8800 400
8800 500
8800 600
8800 700
8900 000
8900 100
8900 200
8900 300
8900 400
8900 500
8900 600
8900 700
9000 000
9000 100
9000 200
9000 300
9000 400
9000 500
9000 600
9000 700
9100 000
9100 100
9100 200
9100 300
9100 400
9100 500
9100 600
9100 700
9200 000
9200 100
9200 200
9200 300
9200 400
9200 500
9200 600
9200 700
9300 000
9300 100
9300 200
9300 300
9300 400
9300 500
9300 600
9300 700
9400 000
9400 100
9400 200
9400 300
9400 400
9400 500
9400 600
9400 700
9500 000
9500 100
9500 200
9500 300
9500 400
9500 500
9500 600
9500 700
9600 000
9600 100
9600 200
9600 300
9600 400
9600 500
9600 600
9600 700
9700 000
9700 100
9700 200
9700 300
9700 400
9700 500
9700 600
9700 700
9800 000
9800 100
9800 200
9800 300
9800 400
9800 500
9800 600
9800 700
9900 000
9900 100
9900 200
9900 300
9900 400
9900 500
9900 600
9900 700
10000 000
10000 100
10000 200
10000 300
10000 400
10000 500
10000 600
10000 700
10100 000
10100 100
10100 200
10100 300
10100 400
10100 500
10100 600
10100 700
10200 000
10200 100
10200 200
10200 300
10200 400
10200 500
10200 600
10200 700
10300 000
10300 100
10300 200
10300 300
10300 400
10300 500
10300 600
10300 700
10400 000
10400 100
10400 200
10400 300
10400 400
10400 500
10400 600
10400 700
10500 000
10500 100
10500 200
10500 300
10500 400
10500 500
10500 600
10500 700
10600 000
10600 100
10600 200
10600 300
10600 400
10600 500
10600 600
10600 700
10700 000
10700 100
10700 200
10700 300
10700 400
10700 500
10700 600
10700 700
10800 000
10800 100
10800 200
10800 300
10800 400
10800 500
10800 600
10800 700
10900 000
10900 100
10900 200
10900 300
10900 400
10900 500
10900 600
10900 700
11000 000
11000 100
11000 200
11000 300
11000 400
11000 500
11000 600
11000 700
11100 000
11100 100
11100 200
11100 300
11100 400
11100 500
11100 600
11100 700
11200 000
11200 100
11200 200
11200 300
11200 400
11200 500
11200 600
11200 700
11300 000
11300 100
11300 200
11300 300
11300 400
11300 500
11300 600
11300 700
11400 000
11400 100
11400 200
11400 300
11400 400
11400 500
11400 600
11400 700
11500 000
11500 100
11500 200
11500 300
11500 400
11500 500
11500 600
11500 700
11600 000
11600 100
11600 200
11600 300
11600 400
11600 500
11600 600
11600 700
11700 000
11700 100
11700 200
11700 300
11700 400
11700 500
11700 600
11700 700
11800 000
11800 100
11800 200
11800 300
11800 400
11800 500
11800 600
11800 700
11900 000
11900 100
11900 200
11900 300
11900 400
11900 500
11900 600
11900 700
12000 000
12000 100
12000 200
12000 300
12000 400
12000 500
12000 600
12000 700
12100 000
12100 100
12100 200
12100 300
12100 400
12100 500
12100 600
12100 700
12200 000
12200 100
12200 200
12200 300
12200 400
12200 500
12200 600
12200 700
12300 000
12300 100
12300 200
12300 300
12300 400
12300 500
12300 600
12300 700
12400 000
12400 100
12400 200
12400 300
12400 400
12400 500
12400 600
12400 700
12500 000
12500 100
12500 200
12500 300
12500 400
12500 500
12500 600
12500 700
12600 000
12600 100
12600 200
12600 300
12600 400
12600 500
12600 600
12600 700
12700 000
12700 100
12700 200
12700 300
12700 400
12700 500
12700 600
12700 700
